255 255 255 255 255 255 255 255 255 255 255 255 255 255 255 255
255 255 255 255 255 255 255 255 255 255 255 255 255 255 255 255
255 255   0   0   0   0   0   0   0   0   0   0   0   0 255 255
255 255   0   0   0   0   0   0   0   0   0   0   0   0 255 255
255 255   0   0   0   0   0   0   0   0   0   0   0   0 255 255
255 255   0   0   0 255 255 255 255 255 255   0   0   0 255 255
255 255   0   0   0 255 255 255 255 255 255   0   0   0 255 255
255 255   0   0   0   0 255 255   0 255 255   0   0   0 255 255
255 255   0   0   0   0 255 255 255 255   0   0   0   0 255 255
255 255   0   0   0 255 255 255 255 255 255   0   0   0 255 255
255 255   0   0   0 255 255 255 255 255 255   0   0   0 255 255
255 255   0   0   0   0   0   0   0   0   0   0   0   0 255 255
255 255   0   0   0   0   0   0   0   0   0   0   0   0 255 255
255 255   0   0   0   0   0   0   0   0   0   0   0   0 255 255
255 255 255 255 255 255 255 255 255 255 255 255 255 255 255 255
255 255 255 255 255 255 255 255 255 255 255 255 255 255 255 255
255 255 255 255 255 255 255 255 255 255 255 255 255 255 255 255
255 255 255 255 255 255 255 255 255 255 255 255 255 255 255 255
255 255   0   0   0   0   0   0   0   0   0   0   0   0 255 255
255 255   0   0   0   0   0   0   0   0   0   0   0   0 255 255
255 255   0   0   0   0   0   0   0   0   0   0   0   0 255 255
255 255   0   0   0 255 255 255 255 255 255   0   0   0 255 255
255 255   0   0   0 255 255 255 255 255 255   0   0   0 255 255
255 255   0   0   0   0 255 255   0 255 255   0   0   0 255 255
255 255   0   0   0   0 255 255 255 255   0   0   0   0 255 255
255 255   0   0   0 255 255 255 255 255 255   0   0   0 255 255
255 255   0   0   0 255 255 255 255 255 255   0   0   0 255 255
255 255   0   0   0   0   0   0   0   0   0   0   0   0 255 255
255 255   0   0   0   0   0   0   0   0   0   0   0   0 255 255
255 255   0   0   0   0   0   0   0   0   0   0   0   0 255 255
255 255 255 255 255 255 255 255 255 255 255 255 255 255 255 255
255 255 255 255 255 255 255 255 255 255 255 255 255 255 255 255
255 255 255 255 255 255 255 255 255 255 255 255 255 255 255 255
255 255 255 255 255 255 255 255 255 255 255 255 255 255 255 255
255 255   0   0   0   0   0   0   0   0   0   0   0   0 255 255
255 255   0   0   0   0   0   0   0   0   0   0   0   0 255 255
255 255   0   0   0   0   0   0   0   0   0   0   0   0 255 255
255 255   0   0   0 255 255 255 255 255 255   0   0   0 255 255
255 255   0   0   0 255 255 255 255 255 255   0   0   0 255 255
255 255   0   0   0   0 255 255   0 255 255   0   0   0 255 255
255 255   0   0   0   0 255 255 255 255   0   0   0   0 255 255
255 255   0   0   0 255 255 255 255 255 255   0   0   0 255 255
255 255   0   0   0 255 255 255 255 255 255   0   0   0 255 255
255 255   0   0   0   0   0   0   0   0   0   0   0   0 255 255
255 255   0   0   0   0   0   0   0   0   0   0   0   0 255 255
255 255   0   0   0   0   0   0   0   0   0   0   0   0 255 255
255 255 255 255 255 255 255 255 255 255 255 255 255 255 255 255
255 255 255 255 255 255 255 255 255 255 255 255 255 255 255 255

255 255 255 255 255 255 255 255 255 255 255 255 255 255 255 255
255 214 153 153 153 153 153 153 153 153 153 153 153 153 214 255
255 153   0   0   0   0   0   0   0   0   0   0   0   0 153 255
255 153   0   0   0   0   0   0   0   0   0   0   0   0 153 255
255 153   0   0  10  51  51  51  51  51  51  10   0   0 153 255
255 153   0   0  51 255 172 131  20 186 255  51   0   0 153 255
255 153   0   0  51 255 153  76  91 156 255  51   0   0 153 255
255 153   0   0  51 255 207  75 157 184 255  51   0   0 153 255
255 153   0   0  51 255 186 193 193 186 255  51   0   0 153 255
255 153   0   0  51 255 153 162 163 152 255  51   0   0 153 255
255 153   0   0  51 255 188  19  19 188 255  51   0   0 153 255
255 153   0   0  10  51  51  51  51  51  51  10   0   0 153 255
255 153   0   0   0   0   0   0   0   0   0   0   0   0 153 255
255 153   0   0   0   0   0   0   0   0   0   0   0   0 153 255
255 214 153 153 153 153 153 153 153 153 153 153 153 153 214 255
255 255 255 255 255 255 255 255 255 255 255 255 255 255 255 255
255 255 255 255 255 255 255 255 255 255 255 255 255 255 255 255
255 214 153 153 153 153 153 153 153 153 153 153 153 153 214 255
255 153   0   0   0   0   0   0   0   0   0   0   0   0 153 255
255 153   0   0   0   0   0   0   0   0   0   0   0   0 153 255
255 153   0   0  10  51  51  51  51  51  51  10   0   0 153 255
255 153   0   0  51 255 172 131  20 186 255  51   0   0 153 255
255 153   0   0  51 255 153  76  91 156 255  51   0   0 153 255
255 153   0   0  51 255 207  75 157 184 255  51   0   0 153 255
255 153   0   0  51 255 186 193 193 186 255  51   0   0 153 255
255 153   0   0  51 255 153 162 163 152 255  51   0   0 153 255
255 153   0   0  51 255 188  19  19 188 255  51   0   0 153 255
255 153   0   0  10  51  51  51  51  51  51  10   0   0 153 255
255 153   0   0   0   0   0   0   0   0   0   0   0   0 153 255
255 153   0   0   0   0   0   0   0   0   0   0   0   0 153 255
255 214 153 153 153 153 153 153 153 153 153 153 153 153 214 255
255 255 255 255 255 255 255 255 255 255 255 255 255 255 255 255
255 255 255 255 255 255 255 255 255 255 255 255 255 255 255 255
255 214 153 153 153 153 153 153 153 153 153 153 153 153 214 255
255 153   0   0   0   0   0   0   0   0   0   0   0   0 153 255
255 153   0   0   0   0   0   0   0   0   0   0   0   0 153 255
255 153   0   0  10  51  51  51  51  51  51  10   0   0 153 255
255 153   0   0  51 255 172 131  20 186 255  51   0   0 153 255
255 153   0   0  51 255 153  76  91 156 255  51   0   0 153 255
255 153   0   0  51 255 207  75 157 184 255  51   0   0 153 255
255 153   0   0  51 255 186 193 193 186 255  51   0   0 153 255
255 153   0   0  51 255 153 162 163 152 255  51   0   0 153 255
255 153   0   0  51 255 188  19  19 188 255  51   0   0 153 255
255 153   0   0  10  51  51  51  51  51  51  10   0   0 153 255
255 153   0   0   0   0   0   0   0   0   0   0   0   0 153 255
255 153   0   0   0   0   0   0   0   0   0   0   0   0 153 255
255 214 153 153 153 153 153 153 153 153 153 153 153 153 214 255
255 255 255 255 255 255 255 255 255 255 255 255 255 255 255 255

255 255 255 255 255 255 255 255 255 255 255 255 255 255 255 255
255 214 153 153 153 153 153 153 153 153 153 153 153 153 214 255
255 153   0   0   0   0   0   0   0   0   0   0   0   0 153 255
255 153   0   0   0   0   0   0   0   0   0   0   0   0 153 255
255 153   0   0  10  51  51  51  51  51  51  10   0   0 153 255
255 153   0   0  51 255 255 255 255 255 255  51   0   0 153 255
255 153   0   0  51 186 156 184 186 152 188  51   0   0 153 255
255 153   0   0  51  20  91 157 193 163  19  51   0   0 153 255
255 153   0   0  51 131  76  75 193 162  19  51   0   0 153 255
255 153   0   0  51 172 153 207 186 153 188  51   0   0 153 255
255 153   0   0  51 255 255 255 255 255 255  51   0   0 153 255
255 153   0   0  10  51  51  51  51  51  51  10   0   0 153 255
255 153   0   0   0   0   0   0   0   0   0   0   0   0 153 255
255 153   0   0   0   0   0   0   0   0   0   0   0   0 153 255
255 214 153 153 153 153 153 153 153 153 153 153 153 153 214 255
255 255 255 255 255 255 255 255 255 255 255 255 255 255 255 255
255 255 255 255 255 255 255 255 255 255 255 255 255 255 255 255
255 214 153 153 153 153 153 153 153 153 153 153 153 153 214 255
255 153   0   0   0   0   0   0   0   0   0   0   0   0 153 255
255 153   0   0   0   0   0   0   0   0   0   0   0   0 153 255
255 153   0   0  10  51  51  51  51  51  51  10   0   0 153 255
255 153   0   0  51 255 255 255 255 255 255  51   0   0 153 255
255 153   0   0  51 186 156 184 186 152 188  51   0   0 153 255
255 153   0   0  51  20  91 157 193 163  19  51   0   0 153 255
255 153   0   0  51 131  76  75 193 162  19  51   0   0 153 255
255 153   0   0  51 172 153 207 186 153 188  51   0   0 153 255
255 153   0   0  51 255 255 255 255 255 255  51   0   0 153 255
255 153   0   0  10  51  51  51  51  51  51  10   0   0 153 255
255 153   0   0   0   0   0   0   0   0   0   0   0   0 153 255
255 153   0   0   0   0   0   0   0   0   0   0   0   0 153 255
255 214 153 153 153 153 153 153 153 153 153 153 153 153 214 255
255 255 255 255 255 255 255 255 255 255 255 255 255 255 255 255
255 255 255 255 255 255 255 255 255 255 255 255 255 255 255 255
255 214 153 153 153 153 153 153 153 153 153 153 153 153 214 255
255 153   0   0   0   0   0   0   0   0   0   0   0   0 153 255
255 153   0   0   0   0   0   0   0   0   0   0   0   0 153 255
255 153   0   0  10  51  51  51  51  51  51  10   0   0 153 255
255 153   0   0  51 255 255 255 255 255 255  51   0   0 153 255
255 153   0   0  51 186 156 184 186 152 188  51   0   0 153 255
255 153   0   0  51  20  91 157 193 163  19  51   0   0 153 255
255 153   0   0  51 131  76  75 193 162  19  51   0   0 153 255
255 153   0   0  51 172 153 207 186 153 188  51   0   0 153 255
255 153   0   0  51 255 255 255 255 255 255  51   0   0 153 255
255 153   0   0  10  51  51  51  51  51  51  10   0   0 153 255
255 153   0   0   0   0   0   0   0   0   0   0   0   0 153 255
255 153   0   0   0   0   0   0   0   0   0   0   0   0 153 255
255 214 153 153 153 153 153 153 153 153 153 153 153 153 214 255
255 255 255 255 255 255 255 255 255 255 255 255 255 255 255 255

255 255 255 255 255 255 255 255 255 255 255 255 255 255 255 255
255 214 153 153 153 153 153 153 153 153 153 153 153 153 214 255
255 153   0   0   0   0   0   0   0   0   0   0   0   0 153 255
255 153   0   0   0   0   0   0   0   0   0   0   0   0 153 255
255 153   0   0  10  51  51  51  51  51  51  10   0   0 153 255
255 153   0   0  51 255 188  19  19 188 255  51   0   0 153 255
255 153   0   0  51 255 152 163 162 153 255  51   0   0 153 255
255 153   0   0  51 255 186 193 193 186 255  51   0   0 153 255
255 153   0   0  51 255 184 157  75 207 255  51   0   0 153 255
255 153   0   0  51 255 156  91  76 153 255  51   0   0 153 255
255 153   0   0  51 255 186  20 131 172 255  51   0   0 153 255
255 153   0   0  10  51  51  51  51  51  51  10   0   0 153 255
255 153   0   0   0   0   0   0   0   0   0   0   0   0 153 255
255 153   0   0   0   0   0   0   0   0   0   0   0   0 153 255
255 214 153 153 153 153 153 153 153 153 153 153 153 153 214 255
255 255 255 255 255 255 255 255 255 255 255 255 255 255 255 255
255 255 255 255 255 255 255 255 255 255 255 255 255 255 255 255
255 214 153 153 153 153 153 153 153 153 153 153 153 153 214 255
255 153   0   0   0   0   0   0   0   0   0   0   0   0 153 255
255 153   0   0   0   0   0   0   0   0   0   0   0   0 153 255
255 153   0   0  10  51  51  51  51  51  51  10   0   0 153 255
255 153   0   0  51 255 188  19  19 188 255  51   0   0 153 255
255 153   0   0  51 255 152 163 162 153 255  51   0   0 153 255
255 153   0   0  51 255 186 193 193 186 255  51   0   0 153 255
255 153   0   0  51 255 184 157  75 207 255  51   0   0 153 255
255 153   0   0  51 255 156  91  76 153 255  51   0   0 153 255
255 153   0   0  51 255 186  20 131 172 255  51   0   0 153 255
255 153   0   0  10  51  51  51  51  51  51  10   0   0 153 255
255 153   0   0   0   0   0   0   0   0   0   0   0   0 153 255
255 153   0   0   0   0   0   0   0   0   0   0   0   0 153 255
255 214 153 153 153 153 153 153 153 153 153 153 153 153 214 255
255 255 255 255 255 255 255 255 255 255 255 255 255 255 255 255
255 255 255 255 255 255 255 255 255 255 255 255 255 255 255 255
255 214 153 153 153 153 153 153 153 153 153 153 153 153 214 255
255 153   0   0   0   0   0   0   0   0   0   0   0   0 153 255
255 153   0   0   0   0   0   0   0   0   0   0   0   0 153 255
255 153   0   0  10  51  51  51  51  51  51  10   0   0 153 255
255 153   0   0  51 255 188  19  19 188 255  51   0   0 153 255
255 153   0   0  51 255 152 163 162 153 255  51   0   0 153 255
255 153   0   0  51 255 186 193 193 186 255  51   0   0 153 255
255 153   0   0  51 255 184 157  75 207 255  51   0   0 153 255
255 153   0   0  51 255 156  91  76 153 255  51   0   0 153 255
255 153   0   0  51 255 186  20 131 172 255  51   0   0 153 255
255 153   0   0  10  51  51  51  51  51  51  10   0   0 153 255
255 153   0   0   0   0   0   0   0   0   0   0   0   0 153 255
255 153   0   0   0   0   0   0   0   0   0   0   0   0 153 255
255 214 153 153 153 153 153 153 153 153 153 153 153 153 214 255
255 255 255 255 255 255 255 255 255 255 255 255 255 255 255 255
